     68,  88,  66,  67, 235,  31, 
    203, 119,  11,   4, 140, 164, 
     23,   9, 244, 225,  87, 146, 
    142, 207,   1,   0,   0,   0, 
     20,   3,   0,   0,   5,   0, 
      0,   0,  52,   0,   0,   0, 
    172,   0,   0,   0,  28,   1, 
      0,   0, 144,   1,   0,   0, 
    120,   2,   0,   0,  82,  68, 
     69,  70, 112,   0,   0,   0, 
      0,   0,   0,   0,   0,   0, 
      0,   0,   0,   0,   0,   0, 
     60,   0,   0,   0,   0,   5, 
    254, 255,   0,   1,   0,   0, 
     60,   0,   0,   0,  82,  68, 
     49,  49,  60,   0,   0,   0, 
     24,   0,   0,   0,  32,   0, 
      0,   0,  40,   0,   0,   0, 
     36,   0,   0,   0,  12,   0, 
      0,   0,   0,   0,   0,   0, 
     77, 105,  99, 114, 111, 115, 
    111, 102, 116,  32,  40,  82, 
     41,  32,  72,  76,  83,  76, 
     32,  83, 104,  97, 100, 101, 
    114,  32,  67, 111, 109, 112, 
    105, 108, 101, 114,  32,  54, 
     46,  51,  46,  57,  54,  48, 
     48,  46,  49,  54,  51,  56, 
     52,   0, 171, 171,  73,  83, 
     71,  78, 104,   0,   0,   0, 
      3,   0,   0,   0,   8,   0, 
      0,   0,  80,   0,   0,   0, 
      0,   0,   0,   0,   0,   0, 
      0,   0,   3,   0,   0,   0, 
      0,   0,   0,   0,  15,   3, 
      0,   0,  89,   0,   0,   0, 
      0,   0,   0,   0,   0,   0, 
      0,   0,   3,   0,   0,   0, 
      1,   0,   0,   0,  15,  15, 
      0,   0,  95,   0,   0,   0, 
      0,   0,   0,   0,   0,   0, 
      0,   0,   3,   0,   0,   0, 
      2,   0,   0,   0,   3,   3, 
      0,   0,  80,  79,  83,  73, 
     84,  73,  79,  78,   0,  67, 
     79,  76,  79,  82,   0,  84, 
     69,  88,  67,  79,  79,  82, 
     68,   0,  79,  83,  71,  78, 
    108,   0,   0,   0,   3,   0, 
      0,   0,   8,   0,   0,   0, 
     80,   0,   0,   0,   0,   0, 
      0,   0,   1,   0,   0,   0, 
      3,   0,   0,   0,   0,   0, 
      0,   0,  15,   0,   0,   0, 
     92,   0,   0,   0,   0,   0, 
      0,   0,   0,   0,   0,   0, 
      3,   0,   0,   0,   1,   0, 
      0,   0,  15,   0,   0,   0, 
     98,   0,   0,   0,   0,   0, 
      0,   0,   0,   0,   0,   0, 
      3,   0,   0,   0,   2,   0, 
      0,   0,   3,  12,   0,   0, 
     83,  86,  95,  80,  79,  83, 
     73,  84,  73,  79,  78,   0, 
     67,  79,  76,  79,  82,   0, 
     84,  69,  88,  67,  79,  79, 
     82,  68,   0, 171,  83,  72, 
     69,  88, 224,   0,   0,   0, 
     80,   0,   1,   0,  56,   0, 
      0,   0, 106,   8,   0,   1, 
     95,   0,   0,   3,  50,  16, 
     16,   0,   0,   0,   0,   0, 
     95,   0,   0,   3, 242,  16, 
     16,   0,   1,   0,   0,   0, 
     95,   0,   0,   3,  50,  16, 
     16,   0,   2,   0,   0,   0, 
    103,   0,   0,   4, 242,  32, 
     16,   0,   0,   0,   0,   0, 
      1,   0,   0,   0, 101,   0, 
      0,   3, 242,  32,  16,   0, 
      1,   0,   0,   0, 101,   0, 
      0,   3,  50,  32,  16,   0, 
      2,   0,   0,   0,  50,   0, 
      0,  15,  50,  32,  16,   0, 
      0,   0,   0,   0,  70,  16, 
     16,   0,   0,   0,   0,   0, 
      2,  64,   0,   0,   0,   0, 
      0,  64,   0,   0,   0, 192, 
      0,   0,   0,   0,   0,   0, 
      0,   0,   2,  64,   0,   0, 
      0,   0, 128, 191,   0,   0, 
    128,  63,   0,   0,   0,   0, 
      0,   0,   0,   0,  54,   0, 
      0,   8, 194,  32,  16,   0, 
      0,   0,   0,   0,   2,  64, 
      0,   0,   0,   0,   0,   0, 
      0,   0,   0,   0,   0,   0, 
      0,   0,   0,   0, 128,  63, 
     54,   0,   0,   5, 242,  32, 
     16,   0,   1,   0,   0,   0, 
     70,  30,  16,   0,   1,   0, 
      0,   0,  54,   0,   0,   5, 
     50,  32,  16,   0,   2,   0, 
      0,   0,  70,  16,  16,   0, 
      2,   0,   0,   0,  62,   0, 
      0,   1,  83,  84,  65,  84, 
    148,   0,   0,   0,   5,   0, 
      0,   0,   0,   0,   0,   0, 
      0,   0,   0,   0,   6,   0, 
      0,   0,   1,   0,   0,   0, 
      0,   0,   0,   0,   0,   0, 
      0,   0,   1,   0,   0,   0, 
      0,   0,   0,   0,   0,   0, 
      0,   0,   0,   0,   0,   0, 
      0,   0,   0,   0,   0,   0, 
      0,   0,   0,   0,   0,   0, 
      0,   0,   0,   0,   0,   0, 
      0,   0,   0,   0,   0,   0, 
      0,   0,   0,   0,   0,   0, 
      0,   0,   3,   0,   0,   0, 
      0,   0,   0,   0,   0,   0, 
      0,   0,   0,   0,   0,   0, 
      0,   0,   0,   0,   0,   0, 
      0,   0,   0,   0,   0,   0, 
      0,   0,   0,   0,   0,   0, 
      0,   0,   0,   0,   0,   0, 
      0,   0,   0,   0,   0,   0, 
      0,   0,   0,   0,   0,   0, 
      0,   0,   0,   0,   0,   0, 
      0,   0,   0,   0,   0,   0, 
      0,   0,   0,   0,   0,   0, 
      0,   0