     68,  88,  66,  67, 130, 188, 
     30,  62, 220, 238, 162, 188, 
     55,  62, 102,  56,  82, 176, 
    250, 171,   1,   0,   0,   0, 
      0,   3,   0,   0,   5,   0, 
      0,   0,  52,   0,   0,   0, 
      0,   1,   0,   0, 116,   1, 
      0,   0, 168,   1,   0,   0, 
    100,   2,   0,   0,  82,  68, 
     69,  70, 196,   0,   0,   0, 
      0,   0,   0,   0,   0,   0, 
      0,   0,   2,   0,   0,   0, 
     60,   0,   0,   0,   0,   5, 
    255, 255,   0,   1,   0,   0, 
    144,   0,   0,   0,  82,  68, 
     49,  49,  60,   0,   0,   0, 
     24,   0,   0,   0,  32,   0, 
      0,   0,  40,   0,   0,   0, 
     36,   0,   0,   0,  12,   0, 
      0,   0,   0,   0,   0,   0, 
    124,   0,   0,   0,   3,   0, 
      0,   0,   0,   0,   0,   0, 
      0,   0,   0,   0,   0,   0, 
      0,   0,   0,   0,   0,   0, 
      1,   0,   0,   0,   0,   0, 
      0,   0, 139,   0,   0,   0, 
      2,   0,   0,   0,   5,   0, 
      0,   0,   4,   0,   0,   0, 
    255, 255, 255, 255,   0,   0, 
      0,   0,   1,   0,   0,   0, 
     12,   0,   0,   0, 100, 101, 
    102,  97, 117, 108, 116,  83, 
     97, 109, 112, 108, 101, 114, 
      0, 116, 101, 120,  48,   0, 
     77, 105,  99, 114, 111, 115, 
    111, 102, 116,  32,  40,  82, 
     41,  32,  72,  76,  83,  76, 
     32,  83, 104,  97, 100, 101, 
    114,  32,  67, 111, 109, 112, 
    105, 108, 101, 114,  32,  54, 
     46,  51,  46,  57,  54,  48, 
     48,  46,  49,  54,  51,  56, 
     52,   0, 171, 171,  73,  83, 
     71,  78, 108,   0,   0,   0, 
      3,   0,   0,   0,   8,   0, 
      0,   0,  80,   0,   0,   0, 
      0,   0,   0,   0,   1,   0, 
      0,   0,   3,   0,   0,   0, 
      0,   0,   0,   0,  15,   0, 
      0,   0,  92,   0,   0,   0, 
      0,   0,   0,   0,   0,   0, 
      0,   0,   3,   0,   0,   0, 
      1,   0,   0,   0,  15,  12, 
      0,   0,  98,   0,   0,   0, 
      0,   0,   0,   0,   0,   0, 
      0,   0,   3,   0,   0,   0, 
      2,   0,   0,   0,   3,   3, 
      0,   0,  83,  86,  95,  80, 
     79,  83,  73,  84,  73,  79, 
     78,   0,  67,  79,  76,  79, 
     82,   0,  84,  69,  88,  67, 
     79,  79,  82,  68,   0, 171, 
     79,  83,  71,  78,  44,   0, 
      0,   0,   1,   0,   0,   0, 
      8,   0,   0,   0,  32,   0, 
      0,   0,   0,   0,   0,   0, 
      0,   0,   0,   0,   3,   0, 
      0,   0,   0,   0,   0,   0, 
     15,   0,   0,   0,  83,  86, 
     95,  84,  97, 114, 103, 101, 
    116,   0, 171, 171,  83,  72, 
     69,  88, 180,   0,   0,   0, 
     80,   0,   0,   0,  45,   0, 
      0,   0, 106,   8,   0,   1, 
     90,   0,   0,   3,   0,  96, 
     16,   0,   0,   0,   0,   0, 
     88,  24,   0,   4,   0, 112, 
     16,   0,   0,   0,   0,   0, 
     85,  85,   0,   0,  98,  16, 
      0,   3, 194,  16,  16,   0, 
      1,   0,   0,   0,  98,  16, 
      0,   3,  50,  16,  16,   0, 
      2,   0,   0,   0, 101,   0, 
      0,   3, 242,  32,  16,   0, 
      0,   0,   0,   0, 104,   0, 
      0,   2,   1,   0,   0,   0, 
     69,   0,   0, 139, 194,   0, 
      0, 128,  67,  85,  21,   0, 
     50,   0,  16,   0,   0,   0, 
      0,   0,  70,  16,  16,   0, 
      2,   0,   0,   0, 230, 116, 
     16,   0,   0,   0,   0,   0, 
      0,  96,  16,   0,   0,   0, 
      0,   0,  56,   0,   0,   7, 
    194,  32,  16,   0,   0,   0, 
      0,   0,   6,   4,  16,   0, 
      0,   0,   0,   0, 166,  30, 
     16,   0,   1,   0,   0,   0, 
     54,   0,   0,   5,  50,  32, 
     16,   0,   0,   0,   0,   0, 
     70,  16,  16,   0,   2,   0, 
      0,   0,  62,   0,   0,   1, 
     83,  84,  65,  84, 148,   0, 
      0,   0,   4,   0,   0,   0, 
      1,   0,   0,   0,   0,   0, 
      0,   0,   3,   0,   0,   0, 
      1,   0,   0,   0,   0,   0, 
      0,   0,   0,   0,   0,   0, 
      1,   0,   0,   0,   0,   0, 
      0,   0,   0,   0,   0,   0, 
      0,   0,   0,   0,   0,   0, 
      0,   0,   0,   0,   0,   0, 
      0,   0,   0,   0,   1,   0, 
      0,   0,   0,   0,   0,   0, 
      0,   0,   0,   0,   0,   0, 
      0,   0,   0,   0,   0,   0, 
      1,   0,   0,   0,   0,   0, 
      0,   0,   0,   0,   0,   0, 
      0,   0,   0,   0,   0,   0, 
      0,   0,   0,   0,   0,   0, 
      0,   0,   0,   0,   0,   0, 
      0,   0,   0,   0,   0,   0, 
      0,   0,   0,   0,   0,   0, 
      0,   0,   0,   0,   0,   0, 
      0,   0,   0,   0,   0,   0, 
      0,   0,   0,   0,   0,   0, 
      0,   0,   0,   0,   0,   0, 
      0,   0,   0,   0,   0,   0